n = 10
D =
111.74
540.56
556.63
510.43
690.79
605.5
542.5
672.09
17.89
499.33
583.23
543.95
194.69
561.76
701.68
605.83
615.59
685.03
657.64
555.97
845.5
635.12
191.83
492.6
583.77
601.86
644.19
664.01
508.0
589.52
S =
10.654
11.502
12.36
11.612
10.211
11.786
10.835
12.251
8.835
12.108
9.47
13.269
8.686
10.426
11.474
12.541
11.197
11.205
11.135
11.475
9.969
10.301
13.221
10.601
11.092
10.734
11.434
9.176
11.13
12.107
T =
0.972
1.156
2.254
1.837
2.499
2.524
2.261
2.322
1.31
1.161
2.051
0.983
1.097
1.576
2.011
1.798
1.756
1.606
1.655
1.342
2.6
1.81
1.112
1.066
2.511
2.52
1.611
1.467
1.821
2.317
F =
17.377
7.554
7.843
7.757
6.426
7.39
7.26
7.353
83.909
8.031
6.493
8.29
11.066
6.995
6.932
7.71
7.1
6.868
6.925
7.469
5.944
6.647
13.108
7.428
7.182
6.956
7.098
6.069
7.565
7.591
n = 20
D =
875.6
817.35
870.94
973.49
752.72
715.76
965.25
744.23
782.68
894.05
760.25
860.69
882.3
768.71
839.81
730.26
858.9
808.93
783.77
836.23
853.17
688.56
724.93
984.51
770.24
923.94
821.63
823.56
955.84
621.7
S =
10.711
10.84
10.953
9.866
12.786
9.999
10.633
10.303
10.561
11.165
10.76
9.657
10.629
10.481
11.484
11.95
10.215
11.774
9.682
12.301
9.234
12.014
9.504
12.378
11.453
10.505
10.376
10.861
11.312
12.563
T =
3.687
3.179
3.304
3.998
3.398
2.535
4.249
2.207
2.156
5.075
2.556
2.147
2.62
3.326
3.075
2.35
2.125
6.447
9.416
4.412
3.572
2.649
2.43
6.11
6.133
2.999
3.773
4.772
4.744
2.641
F =
6.207
6.373
6.314
5.677
7.353
6.264
6.016
6.317
6.332
6.361
6.471
5.781
6.154
6.331
6.601
7.055
6.022
6.79
5.955
6.956
5.615
7.201
6.027
6.731
6.742
6.028
6.166
6.369
6.32
7.66
n = 30
D = 
1072.14 
983.15 
992.98 
987.65 
779.98 
1119.13 
874.85 
957.81 
915.92 
1156.83 
1058.16 
1067.79 
1083.02 
911.99 
1047.43 
1205.9 
927.88 
879.45 
923.1 
1089.54 
1118.11 
959.32 
962.95 
930.93 
1023.94 
1065.54 
882.93 
924.0 
1176.81 
1081.81 
S = 
9.841 
10.536 
10.956 
10.5 
9.692 
10.743 
10.845 
10.141 
10.9 
11.034 
9.868 
10.867 
11.859 
11.707 
9.519 
10.929 
11.411 
11.798 
11.282 
11.804 
10.087 
10.409 
10.673 
11.176 
11.117 
10.189 
11.146 
10.582 
11.11 
10.768 
T = 
14.372 
10.734 
14.641 
15.486 
5.346 
12.688 
4.814 
4.827 
5.31 
16.966 
10.711 
8.067 
8.467 
5.671 
10.488 
9.445 
12.749 
3.127 
4.966 
12.638 
10.849 
6.099 
8.184 
6.939 
10.556 
19.277 
3.953 
4.949 
12.458 
12.938 
F = 
5.536 
5.948 
6.112 
5.926 
5.968 
5.859 
6.26 
5.818 
6.21 
5.941 
5.56 
5.973 
6.377 
6.561 
5.425 
5.846 
6.407 
6.658 
6.361 
6.346 
5.58 
5.93 
6.037 
6.302 
6.137 
5.687 
6.373 
6.061 
5.952 
5.914 
n = 40
D = 
1043.96 
1155.3 
1220.99 
1086.1 
1309.25 
1168.43 
1178.89 
1007.19 
1071.45 
1125.02 
1225.58 
1036.31 
1431.43 
1235.09 
1347.69 
1213.78 
1196.5 
1231.38 
1268.91 
1148.53 
1127.09 
1274.78 
1152.61 
1108.82 
1009.64 
1282.66 
1176.53 
1033.15 
1169.35 
1280.67 
S = 
10.872 
10.416 
10.371 
9.677 
10.728 
10.552 
11.182 
11.139 
10.337 
11.115 
10.929 
10.019 
11.015 
10.446 
10.516 
10.902 
9.471 
9.58 
11.112 
10.78 
10.392 
10.091 
11.189 
10.845 
9.766 
10.272 
10.108 
10.557 
10.221 
10.533 
T = 
4.743 
9.388 
11.959 
7.271 
3.913 
9.637 
9.181 
6.789 
8.644 
15.776 
33.151 
6.801 
29.086 
8.909 
12.479 
26.117 
9.661 
17.238 
19.636 
19.393 
6.587 
22.87 
9.592 
18.454 
16.114 
26.358 
9.436 
6.282 
13.648
14.554 
F = 
6.012 
5.679 
5.594 
5.444 
5.666 
5.724 
5.981 
6.17 
5.743 
6.011 
5.827 
5.653 
5.695 
5.612 
5.545 
5.827 
5.234 
5.246 
5.865 
5.842 
5.7 
5.425 
6.012 
5.914 
5.581 
5.495 
5.526 
5.886 
5.581 
5.608 
n = 50
D = 
1219.59 
1077.29 
1381.31 
1214.69 
1399.66 
1416.22 
1334.16 
1175.04 
1158.46 
1207.49 
1311.45 
1291.16 
1322.32 
1186.6 
1164.8 
1355.37 
1302.22 
1247.77 
1203.26 
1287.27 
1190.08 
1320.22 
1317.4 
1269.37 
1317.37 
1242.04 
1178.78 
1310.22 
1240.13 
1231.0 
S = 
10.739 
10.783 
9.817 
10.162 
11.09 
10.572 
9.956 
9.671 
10.81 
11.093 
10.795 
10.119 
10.256 
10.677 
10.395 
10.271 
10.292 
10.189 
11.44 
11.181 
10.723 
9.829 
10.323 
10.121 
9.923 
11.526 
11.172 
9.669 
9.927 
10.971 
T = 
10.491 
8.482 
20.912 
12.881 
36.222 
36.885 
15.241 
7.41 
7.84 
9.304 
9.56 
36.887 
20.161 
10.989 
17.967 
25.089 
25.386 
8.847 
9.504 
12.243 
19.54 
13.932 
9.174 
13.175 
16.63 
35.338 
11.79 
15.51 
23.73 
6.65 
F = 
5.758 
5.926 
5.221 
5.511 
5.75 
5.517 
5.317 
5.341 
5.844 
5.914 
5.693 
5.422 
5.454 
5.758 
5.66 
5.435 
5.487 
5.491 
6.066 
5.878 
5.774 
5.274 
5.487 
5.442 
5.317 
6.066 
5.977 
5.214 
5.386 
5.84 
n = 60
D = 
1330.77 
1305.39 
1441.28 
1564.87 
1496.6 
1572.71 
1393.25 
1506.82 
1321.16 
1462.81 
1281.29 
1422.72 
1390.67 
1475.69 
1365.41 
1331.53 
1354.2 
1463.57 
1456.56 
1514.16 
1465.13 
1274.69 
1326.61 
1315.13 
1359.61 
1519.13 
1397.91 
1348.2 
1658.77 
1471.07 
S = 
10.213 
10.141 
10.906 
10.37 
11.171 
9.94 
11.535 
10.747 
10.177 
10.817 
10.399 
10.523 
10.324 
10.678 
10.297 
9.451 
9.811 
10.365 
10.156 
10.15 
10.966 
10.211 
9.561 
11.159 
9.752 
11.102 
10.651 
9.72 
10.264 
10.365 
T = 
13.629 
11.21 
14.806 
22.863 
18.15 
21.955 
11.546 
19.219 
10.884 
42.826 
42.899 
13.292 
13.256 
30.646 
43.456 
8.523 
11.705 
17.973 
37.715 
22.632 
23.899 
32.136 
13.576 
11.568 
8.694 
46.137 
37.963 
16.619 
48.013 
21.869 
F = 
5.435 
5.419 
5.642 
5.335 
5.718 
5.147 
5.944 
5.531 
5.422 
5.589 
5.55 
5.492 
5.43 
5.521 
5.438 
5.104 
5.239 
5.396 
5.312 
5.272 
5.651 
5.476 
5.155 
5.845 
5.21 
5.675 
5.564 
5.205 
5.238 
5.391 
n = 70
D = 
1338.08 
1635.06 
1513.72 
1385.18 
1521.77 
1549.96 
1441.44 
1596.41 
1525.31 
1262.52 
1685.99 
1425.64 
1549.65 
1393.62 
1389.13 
1482.12 
1602.06 
1532.81 
1461.42 
1467.26 
1577.32 
1393.33 
1458.05 
1503.46 
1419.45 
1455.39 
1515.83 
1487.52 
1519.75 
1412.7 
S = 
10.661 
9.902 
10.995 
9.582 
10.32 
10.339 
10.438 
10.51 
11.1 
10.212 
9.419 
10.333 
9.482 
10.046 
10.074 
10.068 
10.804 
10.342 
10.435 
10.382 
10.684 
10.555 
10.294 
9.957 
9.51 
10.415 
10.73 
11.108 
11.016 
10.253 
T = 
30.962 
93.505 
65.447 
19.548 
20.094 
54.915 
26.419 
59.733 
57.58 
10.321 
45.858 
21.78 
81.023 
21.502 
19.807 
92.465 
50.573 
66.301 
36.731 
45.017 
76.947 
51.529 
21.914 
25.384 
74.626 
12.136 
52.966 
60.865 
61.3 
11.879 
F = 
5.62 
5.096 
5.632 
5.118 
5.34 
5.331 
5.443 
5.377 
5.67 
5.487 
4.864 
5.409 
4.966 
5.309 
5.325 
5.257 
5.499 
5.342 
5.428 
5.401 
5.461 
5.526 
5.37 
5.197 
5.063 
5.423 
5.518 
5.697 
5.638 
5.384 
n = 80
D = 
1707.87 
1499.41 
1599.78 
1601.66 
1736.45 
1535.5 
1548.51 
1654.93 
1597.86 
1639.55 
1865.67 
1687.33 
1558.51 
1568.95 
1487.64 
1496.87 
1525.46 
1509.82 
1728.44 
1544.25 
1643.56 
1515.78 
1583.21 
1700.46 
1801.55 
1578.85 
1519.09 
1630.71 
1511.47 
1638.02 
S = 
10.225 
10.745 
10.504 
10.943 
10.594 
10.258 
10.656 
10.089 
10.398 
10.405 
10.617 
10.507 
9.838 
10.582 
9.532 
10.867 
10.029 
9.877 
10.218 
11.637 
10.004 
10.527 
10.245 
9.605 
10.641 
9.722 
10.813 
10.203 
11.112 
10.245 
T = 
54.775 
71.753 
47.008 
111.219 
115.845 
50.57 
17.631 
89.955 
74.774 
80.948 
103.275 
85.565 
29.318 
32.826 
69.412 
36.415 
45.92 
51.492 
38.781 
38.85 
74.796 
26.997 
35.454 
80.304 
87.707 
27.676 
26.59 
28.493 
88.528 
95.689 
F = 
5.202 
5.535 
5.372 
5.558 
5.34 
5.305 
5.467 
5.165 
5.328 
5.308 
5.292 
5.327 
5.112 
5.423 
5.026 
5.588 
5.214 
5.158 
5.183 
5.887 
5.135 
5.432 
5.271 
4.936 
5.33 
5.051 
5.551 
5.227 
5.683 
5.241 
n = 90
D = 
1670.94 
1691.39 
1532.65 
1727.33 
1544.24 
1837.91 
1662.75 
1726.22 
1531.94 
1625.11 
1599.17 
1742.88 
1660.24 
1651.69 
1645.74 
1674.96 
1629.43 
1777.42 
1735.79 
1632.94 
1672.64 
1715.63 
1677.26 
1757.28 
1760.74 
1738.32 
1735.26 
1659.76 
1756.69 
1811.01 
S = 
10.481 
10.003 
9.424 
10.881 
9.862 
9.816 
10.533 
10.6 
10.538 
9.665 
10.409 
10.239 
10.155 
9.611 
10.274 
10.056 
9.968 
9.626 
11.072 
10.245 
10.456 
10.151 
10.09 
9.967 
10.056 
10.069 
9.663 
10.398 
10.266 
10.324 
T = 
74.758 
89.234 
69.692 
67.089 
42.629 
72.292 
96.293 
136.539 
119.797 
27.354 
65.236 
48.631 
67.261 
54.891 
34.791 
28.536 
64.108 
51.06 
49.641 
23.147 
44.693 
18.957 
47.974 
94.972 
61.683 
70.832 
21.797 
28.131 
44.43 
121.46 
F = 
5.33 
5.11 
4.951 
5.467 
5.131 
4.963 
5.35 
5.347 
5.426 
5.001 
5.332 
5.185 
5.191 
4.964 
5.249 
5.141 
5.127 
4.908 
5.544 
5.243 
5.313 
5.161 
5.154 
5.063 
5.099 
5.115 
4.944 
5.294 
5.191 
5.191 
n = 100
D = 
1597.45 
1706.41 
1714.0 
1797.45 
1711.94 
1712.14 
1828.0 
1793.41 
1823.39 
1643.86 
1615.06 
1754.24 
1791.31 
1827.09 
1780.18 
1687.83 
1806.52 
1641.25 
1631.86 
1871.29 
1809.02 
1723.01 
1575.43 
1790.54 
1657.18 
1912.75 
1733.29 
1853.47 
1677.5 
1846.67 
S = 
9.795 
9.837 
10.304 
10.644 
11.315 
9.775 
10.295 
10.149 
10.068 
10.023 
10.093 
9.943 
9.994 
10.235 
10.357 
9.985 
10.075 
10.592 
9.899 
10.003 
10.357 
9.983 
10.259 
10.233 
10.507 
10.222 
10.598 
9.786 
10.05 
10.421 
T = 
17.282 
37.411 
37.572 
53.872 
91.902 
34.792 
103.073 
81.257 
57.035 
23.894 
17.52 
28.063 
69.302 
188.061 
46.87 
172.694 
201.498 
86.449 
37.042 
184.987 
216.079 
57.249 
55.889 
92.141 
20.026 
72.156 
24.641 
96.141 
45.847 
91.907 
F = 
5.077 
5.032 
5.227 
5.333 
5.659 
5.002 
5.171 
5.124 
5.076 
5.143 
5.188 
5.054 
5.059 
5.146 
5.219 
5.104 
5.087 
5.387 
5.097 
5.029 
5.206 
5.086 
5.282 
5.161 
5.342 
5.105 
5.343 
4.943 
5.137 
5.217 

