M = M1
D = 
872.07 
808.99 
819.74 
749.06 
713.17 
694.21 
745.99 
730.08 
852.45 
775.27 
886.97 
718.9 
802.41 
719.43 
689.49 
913.84 
737.05 
741.02 
733.21 
835.67 
750.3 
831.51 
839.13 
875.27 
864.44 
815.48 
962.94 
796.57 
810.41 
834.7 
S = 
6.347 
7.485 
7.732 
7.247 
6.961 
7.521 
6.807 
6.395 
6.87 
7.051 
7.396 
7.681 
7.425 
6.304 
7.179 
6.911 
6.623 
8.259 
6.73 
6.965 
5.998 
7.55 
5.952 
7.335 
6.506 
6.735 
6.278 
6.686 
6.702 
6.671 
T = 
2.399 
2.165 
5.603 
4.121 
2.06 
1.876 
1.84 
2.516 
2.53 
2.611 
4.89 
1.847 
3.106 
1.952 
1.854 
2.384 
3.141 
3.78 
5.107 
5.098 
1.938 
2.774 
4.309 
5.186 
3.255 
4.847 
3.476 
1.96 
3.831 
2.601 
F = 
6.3 
7.299 
7.47 
7.199 
7.039 
7.528 
6.852 
6.55 
6.729 
6.995 
7.105 
7.606 
7.25 
6.498 
7.264 
6.681 
6.721 
8.027 
6.813 
6.83 
6.194 
7.306 
6.011 
7.071 
6.42 
6.676 
6.115 
6.666 
6.657 
6.595 
M = M2
D = 
1017.9 
995.47 
1058.93 
981.34 
1068.73 
1028.3 
996.33 
1053.41 
1153.48 
1113.16 
1058.29 
1042.32 
976.73 
1043.33 
1000.07 
910.31 
1089.2 
972.81 
1057.66 
915.14 
1164.16 
872.59 
1152.32 
1032.17 
927.23 
1123.41 
1069.95 
986.74 
889.82 
903.15 
S = 
6.723 
7.414 
7.384 
7.638 
5.917 
6.797 
7.205 
6.791 
6.144 
6.804 
6.172 
7.052 
6.306 
6.806 
7.151 
6.718 
6.589 
7.867 
7.348 
6.414 
6.783 
7.607 
6.978 
6.762 
6.564 
6.869 
6.468 
6.229 
6.495 
7.301 
T = 
5.947 
3.502 
8.622 
3.38 
10.947 
4.48 
4.229 
14.074 
10.806 
12.595 
4.224 
5.793 
5.398 
5.96 
6.343 
13.917 
4.546 
9.88 
4.102 
5.795 
12.55 
4.003 
10.259 
8.684 
7.663 
7.879 
10.338 
6.366 
7.626 
6.082 
F = 
6.652 
7.229 
7.131 
7.417 
5.924 
6.68 
7.048 
6.647 
6.023 
6.595 
6.141 
6.87 
6.345 
6.67 
7.0 
6.769 
6.446 
7.613 
7.093 
6.517 
6.531 
7.546 
6.699 
6.647 
6.62 
6.638 
6.368 
6.27 
6.619 
7.251
M = M3
D = 
1158.63 
1158.54 
941.24 
925.57 
1076.91 
1014.34 
1015.23 
1226.92 
1206.02 
1101.87 
1013.06 
971.25 
1018.98 
1057.63 
910.85 
1151.4 
1009.16 
1135.48 
856.4 
1029.08 
1048.16 
1064.62 
1192.54 
1027.26 
1265.7 
1409.62 
1108.59 
1133.26 
885.86 
879.53 
S = 
7.156 
7.638 
7.345 
7.243 
7.825 
7.081 
7.374 
7.485 
6.838 
7.51 
7.27 
7.396 
7.998 
7.951 
8.319 
7.705 
8.075 
6.919 
7.097 
8.367 
6.971 
8.068 
6.598 
7.63 
7.637 
7.796 
7.492 
7.898 
7.716 
7.1 
T = 
9.387 
4.151 
4.073 
2.956 
7.817 
4.027 
5.404 
7.273 
6.821 
5.28 
6.807 
9.308 
4.443 
13.303 
5.004 
12.71 
6.002 
7.649 
11.298 
5.63 
5.985 
20.382 
5.535 
6.202 
10.032 
16.282 
10.234 
16.181 
13.084 
7.82 
F = 
6.527 
6.886 
6.898 
6.843 
7.098 
6.603 
6.825 
6.7 
6.225 
6.833 
6.748 
6.897 
7.295 
7.215 
7.683 
6.933 
7.366 
6.35 
6.84 
7.564 
6.48 
7.297 
6.054 
7.005 
6.785 
6.806 
6.813 
7.097 
7.262 
6.804 
M = M4
D = 
720.67 
976.39 
692.75 
865.37 
752.73 
815.31 
949.8 
863.84 
839.49 
989.15 
807.21 
781.99 
783.65 
878.07 
985.34 
1096.41 
889.88 
842.06 
1020.18 
881.42 
1074.78 
874.34 
940.76 
779.19 
909.11 
828.66 
898.07 
841.2 
1146.08 
789.11 
S = 
6.408 
6.436 
5.97 
5.886 
6.716 
6.144 
7.631 
6.244 
6.498 
5.829 
6.379 
6.759 
6.263 
6.651 
5.785 
6.185 
5.814 
6.221 
6.902 
6.268 
5.661 
6.083 
6.009 
6.8 
6.059 
6.878 
6.592 
6.046 
5.701 
6.633 
T = 
2.875 
3.836 
2.265 
4.57 
6.084 
3.665 
3.805 
4.054 
2.956 
9.884 
3.643 
8.078 
8.149 
6.179 
4.602 
13.324 
4.351 
4.484 
11.78 
4.596 
5.849 
10.101 
13.882 
7.615 
6.917 
5.995 
4.731 
3.345 
3.373 
5.517 
F = 
7.172 
6.764 
6.836 
6.43 
7.349 
6.736 
7.821 
6.743 
7.001 
6.214 
6.953 
7.328 
6.896 
7.073 
6.18 
6.407 
6.331 
6.757 
7.106 
6.737 
5.975 
6.587 
6.429 
7.369 
6.516 
7.348 
6.992 
6.607 
5.942 
7.206 
