ES = 50
D =
284.85 
233.86 
222.61 
288.72 
241.55 
271.03 
283.18 
271.72 
245.0 
256.88 
244.4 
274.96 
246.41 
275.69 
265.46 
228.39 
229.85 
274.38 
232.19 
264.85 
303.2 
296.02 
255.45 
248.26 
213.96 
236.43 
283.73 
294.77 
296.07 
311.29 
S = 
3.303 
3.184 
3.218 
3.197 
2.872 
3.136 
3.178 
3.038 
3.096 
3.215 
3.018 
2.796 
3.108 
3.441 
3.17 
3.312 
2.91 
3.016 
3.413 
3.082 
3.181 
2.873 
3.336 
2.927 
3.546 
3.464 
3.196 
3.035 
3.105 
2.988 
T = 
0.541 
0.713 
0.657 
0.69 
0.721 
0.771 
0.672 
0.614 
0.578 
0.774 
1.26 
1.251 
1.317 
1.468 
1.119 
1.023 
1.272 
1.217 
0.934 
1.342 
1.321 
1.353 
1.154 
1.006 
0.958 
0.911 
0.93 
1.211 
1.432 
1.435 
F = 
6.758 
6.781 
6.888 
6.499 
6.171 
6.47 
6.491 
6.301 
6.529 
6.668 
6.4 
5.88 
6.542 
6.963 
6.553 
6.988 
6.301 
6.254 
7.135 
6.407 
6.42 
5.927 
6.88 
6.227 
7.478 
7.196 
6.518 
6.204 
6.317 
6.067 
ES = 100
D = 
462.56 
542.18 
494.63 
523.34 
483.75 
527.59 
475.44 
503.48 
470.26 
524.97 
506.38 
561.06 
542.43 
566.76 
571.7 
486.6 
471.44 
473.49 
449.4 
495.91 
446.59 
547.32 
474.64 
407.77 
596.34 
506.97 
579.6 
542.29 
468.6 
461.66 
S = 
5.294 
4.758 
5.188 
4.943 
4.819 
5.027 
5.374 
4.861 
5.533 
5.181 
5.031 
5.311 
5.35 
5.088 
5.235 
5.022 
5.094 
5.089 
5.348 
5.248 
4.986 
5.355 
5.65 
5.606 
4.849 
5.493 
4.743 
5.393 
5.0 
5.409 
T = 
1.495 
2.504 
2.398 
2.796 
3.477 
2.814 
3.645 
3.128 
2.702 
4.535 
4.174 
5.183 
4.945 
2.811 
4.727 
3.963 
3.998 
2.84 
3.11 
2.919 
3.199 
4.184 
3.781 
2.583 
4.886 
3.12 
4.38 
5.365 
3.507 
2.901 
F = 
6.883 
6.11 
6.657 
6.333 
6.306 
6.41 
6.902 
6.297 
7.082 
6.575 
6.465 
6.631 
6.71 
6.389 
6.531 
6.508 
6.625 
6.614 
6.954 
6.717 
6.589 
6.705 
7.19 
7.367 
6.086 
6.941 
6.008 
6.755 
6.536 
6.979 
ES = 200
D = 
916.33 
932.23 
1000.28 
1076.28 
891.65 
949.43 
962.42 
933.45 
957.13 
975.79 
1004.33 
927.19 
1055.89 
1110.02 
981.14 
1041.94 
1039.67 
1032.69 
962.33 
1045.42 
925.98 
1048.26 
764.43 
1110.86 
890.48 
1021.49 
997.88 
1132.68 
1055.23 
922.97 
S = 
9.951 
9.469 
10.213 
9.478 
8.974 
9.72 
9.261 
8.09 
8.057 
8.91 
8.861 
8.276 
9.035 
8.705 
8.699 
8.03 
10.544 
9.305 
9.354 
9.373 
8.438 
9.32 
10.816 
9.662 
10.85 
8.479 
9.594 
8.75 
9.543 
8.539 
T = 
3.184 
2.66 
6.908 
9.612 
6.109 
8.365 
8.957 
5.534 
6.611 
5.904 
5.303 
10.959 
8.908 
8.337 
7.766 
13.29 
12.596 
10.043 
3.907 
4.525 
6.229 
8.424 
7.22 
10.201 
6.263 
8.81 
8.887 
18.725 
17.864 
9.05 
F = 
7.11 
6.803 
7.136 
6.623 
6.582 
6.922 
6.64 
6.011 
5.958 
6.421 
6.356 
6.127 
6.393 
6.144 
6.293 
5.833 
7.277 
6.575 
6.694 
6.599 
6.221 
6.565 
7.877 
6.692 
7.659 
6.115 
6.784 
6.147 
6.685 
6.284 
ES = 400
D = 
1867.59 
2011.55 
2227.34 
1831.71 
1903.8 
2116.74 
1970.61 
1719.72 
1858.83 
1844.36 
2409.52 
1853.15 
1986.04 
2164.23 
2184.86 
2005.72 
1559.24 
1912.45 
2158.8 
1851.44 
1988.7 
2208.82 
1939.97 
1834.43 
2107.02 
2234.58 
2179.99 
2040.13 
1965.73 
1997.3 
S = 
19.327 
18.442 
18.078 
19.257 
19.007 
18.423 
19.177 
19.917 
18.295 
17.869 
17.941 
17.165 
19.071 
20.335 
19.231 
19.798 
19.212 
16.437 
16.602 
18.679 
18.321 
18.142 
15.583 
18.381 
16.629 
19.302 
18.317 
18.712 
16.219 
18.154 
T = 
26.749 
65.335 
45.175 
22.292 
44.544 
19.974 
39.744 
23.832 
50.296 
74.318 
72.305 
34.074 
67.285 
70.555 
58.708 
84.32 
30.591 
24.853 
31.042 
81.583 
60.378 
48.009 
37.906 
40.324 
52.199 
50.742 
91.529 
28.016 
24.171 
63.769 
F = 
7.175 
6.808 
6.575 
7.177 
7.049 
6.739 
7.055 
7.466 
6.868 
6.751 
6.447 
6.533 
7.013 
7.286 
6.944 
7.218 
7.408 
6.272 
6.169 
6.989 
6.786 
6.604 
5.996 
6.912 
6.206 
6.939 
6.672 
6.871 
6.17 
6.73 
