DS = 20
D =
1128.05 
1008.12 
1105.14 
960.1 
1111.89 
654.23 
1034.96 
1121.66 
863.44 
1095.41 
1097.92 
907.24 
840.55 
1108.49 
1107.27 
1135.35 
993.52 
1098.43 
1021.62 
1001.57 
905.38 
1004.34 
900.82 
1030.01 
975.32 
1049.02 
1090.98 
S = 
12.05 
10.042 
9.871 
10.147 
9.996 
10.575 
10.491 
9.639 
9.85 
9.71 
10.124 
11.044 
10.878 
10.235 
10.853 
9.444 
11.757 
9.233 
11.008 
10.677 
11.35 
9.344 
9.521 
11.069 
10.31 
10.451 
10.41 
T = 
5.999 
9.313 
6.482 
3.18 
7.446 
2.817 
5.165 
4.628 
8.875 
10.363 
7.643 
3.336 
5.787 
8.58 
4.056 
9.192 
4.828 
10.359 
8.72 
2.67 
3.352 
5.042 
4.249 
9.675 
6.073 
8.27 
5.292 
F = 
7.505 
6.579 
6.37 
6.693 
6.428 
7.555 
6.776 
6.23 
6.69 
6.296 
6.51 
7.244 
7.271 
6.557 
6.883 
6.114 
7.493 
6.041 
7.064 
6.915 
7.408 
6.211 
6.454 
7.085 
6.758 
6.738 
6.668
DS = 30
D = 
1091.0 
928.72 
981.51 
1158.11 
944.81 
1220.03 
984.15 
912.38 
944.78 
982.94 
1098.89 
1135.89 
1203.39 
1006.91 
1039.61 
1042.78 
1026.16 
1014.28 
992.03 
882.28 
948.83 
990.25 
1051.64 
1132.14 
986.46 
977.07 
1113.86 
908.5 
989.17 
1090.46 
S = 
8.756 
8.729 
7.908 
7.559 
8.165 
8.755 
8.83 
8.682 
8.198 
9.604 
8.97 
8.011 
9.277 
8.467 
8.104 
9.238 
8.886 
8.485 
7.859 
9.074 
8.946 
8.624 
8.756 
8.797 
8.526 
8.534 
7.688 
9.635 
8.206 
8.423 
T = 
6.239 
2.217 
4.203 
4.681 
2.508 
5.52 
4.677 
4.591 
2.325 
3.417 
5.702 
5.084 
5.541 
4.082 
3.22 
4.491 
5.021 
2.111 
4.159 
3.491 
4.234 
4.925 
3.969 
6.393 
3.538 
5.218 
6.095 
4.922 
2.423 
7.706 
F = 
6.245 
6.444 
5.897 
5.485 
6.098 
6.104 
6.418 
6.444 
6.117 
6.859 
6.35 
5.765 
6.416 
6.18 
5.93 
6.571 
6.392 
6.18 
5.855 
6.718 
6.536 
6.292 
6.285 
6.216 
6.242 
6.259 
5.605 
6.992 
6.056 
6.05 
DS = 40
D = 
1194.98 
1054.1 
950.08 
1250.44 
1211.85 
977.29 
1012.09 
1002.49 
1204.62 
1031.17 
1034.43 
1070.71 
1113.63 
897.62 
1013.51 
982.2 
974.01 
1051.12 
1072.88 
1107.58 
1087.33 
1007.96 
1078.46 
961.98 
1117.85 
1000.8 
1246.11 
889.08 
1001.64 
S = 
7.144 
6.277 
6.387 
7.106 
6.876 
6.409 
6.982 
6.759 
6.54 
6.762 
7.254 
6.898 
7.123 
7.319 
6.847 
6.85 
6.385 
6.762 
6.422 
6.748 
7.409 
6.84 
6.998 
6.617 
6.595 
7.309 
6.731 
6.634 
6.593 
T = 
7.069 
3.769 
2.271 
4.447 
7.405 
2.458 
2.554 
3.799 
4.578 
5.007 
3.728 
4.78 
5.568 
2.16 
5.343 
2.625 
2.41 
4.247 
5.621 
8.567 
3.635 
1.93 
4.436 
2.599 
6.75 
4.313 
5.107 
3.115 
4.59 
F = 
5.864 
5.448 
5.671 
5.758 
5.646 
5.634 
5.953 
5.823 
5.437 
5.784 
6.098 
5.82 
5.913 
6.355 
5.864 
5.912 
5.624 
5.757 
5.509 
5.677 
6.129 
5.867 
5.874 
5.792 
5.567 
6.18 
5.52 
5.928 
5.717 
DS = 50
D = 
1022.46 
1149.66 
992.95 
1228.49 
1057.42 
882.76 
1237.45 
1027.02 
1199.51 
1049.61 
1028.38 
1280.7 
1304.23 
1101.82 
999.79 
1039.41 
978.71 
989.82 
1011.93 
1212.9 
1051.37 
1137.3 
1011.06 
1219.67 
1200.37 
1049.31 
1031.72 
1330.9 
1106.98 
1279.87 
S = 
4.308 
4.179 
4.185 
4.025 
4.188 
4.042 
4.222 
4.131 
4.224 
4.214 
4.276 
4.385 
4.136 
4.067 
4.141 
4.027 
4.389 
3.952 
4.408 
4.398 
4.463 
4.441 
4.321 
4.29 
4.191 
4.165 
4.151 
4.466 
4.208 
4.036 
T = 
2.421 
5.137 
2.709 
3.659 
2.894 
3.809 
2.578 
3.935 
2.562 
2.203 
4.076 
3.098 
4.738 
2.058 
3.042 
4.792 
2.35 
1.877 
2.187 
3.811 
3.297 
2.156 
2.745 
2.199 
5.282 
2.935 
4.171 
6.519 
4.293 
2.961 
F = 
5.451 
5.153 
5.372 
4.926 
5.28 
5.438 
5.096 
5.271 
5.137 
5.314 
5.401 
5.202 
4.953 
5.11 
5.322 
5.159 
5.58 
5.165 
5.545 
5.281 
5.538 
5.406 
5.468 
5.176 
5.107 
5.269 
5.282 
5.23 
5.231 
4.885 
DS = 60
D = 
1131.24 
1098.23 
1256.65 
1177.65 
1099.46 
1234.42 
961.74 
1269.26 
1208.67 
inf 
1200.01 
1099.93 
1242.25 
1220.68 
1382.3 
1092.85 
1166.2 
inf 
1208.03 
1098.0 
1075.31 
1123.97 
1154.86 
1120.15 
1298.01 
1208.57 
1071.82 
1219.47 
1068.84 
999.86 
S = 
3.749 
3.841 
3.641 
3.644 
3.706 
3.686 
3.683 
3.644 
3.599 
3.628 
3.635 
3.586 
3.778 
3.656 
3.567 
3.58 
3.582 
3.547 
3.666 
3.659 
3.405 
3.577 
3.569 
3.661 
3.692 
3.595 
3.691 
3.736 
3.612 
3.692 
T = 
2.219 
2.337 
6.693 
3.47 
3.524 
2.431 
3.737 
2.077 
3.236 
5.557 
3.617 
3.198 
3.053 
3.133 
5.848 
2.071 
2.413 
5.561 
4.565 
5.61 
2.502 
2.121 
5.353 
3.907 
5.743 
2.271 
2.384 
3.006 
3.79 
3.641 
F = 
5.063 
5.182 
4.799 
4.891 
5.052 
4.866 
5.249 
4.789 
4.812 
3.45 
4.856 
4.937 
4.945 
4.853 
4.608 
4.942 
4.846 
3.374 
4.876 
5.009 
4.8 
4.896 
4.848 
4.981 
4.805 
4.808 
5.077 
4.93 
5.007 
5.191 
DS = 70
D = 
1024.4 
1147.29 
1240.68 
974.01 
1135.34 
1183.62 
1114.33 
921.15 
1251.53 
1316.98 
1152.43 
1171.5 
1059.49 
1445.89 
1203.28 
1352.81 
1065.07 
887.36 
1355.15 
1445.02 
1015.38 
1050.78 
1127.78 
1487.89 
1191.01 
1197.0 
1259.82 
1371.1 
1168.44 
1041.22 
S = 
3.325 
3.301 
3.383 
3.258 
3.367 
3.295 
3.416 
3.297 
3.365 
3.487 
3.416 
3.293 
3.493 
3.437 
3.393 
3.36 
3.414 
3.278 
3.462 
3.37 
3.462 
3.268 
3.368 
3.453 
3.303 
3.273 
3.411 
3.355 
3.399 
3.356 
T = 
3.549 
2.201 
2.388 
2.348 
2.82 
3.547 
2.256 
2.329 
3.221 
2.9 
3.295 
2.544 
2.485 
4.692 
2.412 
2.427 
2.286 
2.476 
3.509 
4.377 
2.318 
2.305 
2.823 
4.749 
2.307 
2.214 
3.647 
2.734 
3.982 
2.463 
F = 
5.521 
5.297 
5.247 
5.527 
5.372 
5.224 
5.456 
5.681 
5.215 
5.273 
5.4 
5.238 
5.629 
5.09 
5.306 
5.096 
5.533 
5.738 
5.206 
5.018 
5.673 
5.396 
5.383 
5.071 
5.222 
5.182 
5.256 
5.072 
5.36 
5.509 
